7106.361213716809 3263.917553482108 
531.3615167732776 5360.12406412477 
5906.8033128831985 3315.4547793833995 
6809.753537118242 3266.5877309327966 
5528.535554340295 3318.5030563990445 
4273.005433259786 3463.291312026108 
4562.567566624744 3463.0649560805223 
6548.835315185843 3275.127346626635 
7098.500047177371 3263.9211311610147 
6258.436552675608 3275.245778617498 
6625.546286984414 3271.2157551790237 
5294.361368942039 3345.822877006083 
893.4435854046292 4776.675980387616 
920.5694637684419 4745.730480551212 
4936.289543916011 3375.6901177564587 
1037.799962614054 4564.7129009856335 
5143.9398096102395 3348.8371165060867 
6130.350211909802 3292.1608820851643 
2144.9284510894645 4029.668661838308 
735.849472305542 4894.627561529849 
2558.312117863827 3889.7348315998543 
944.8631532366537 4683.006579996648 
1330.601975312831 4361.620955187549 
1074.0175940298423 4534.38981912292 
962.7049659968184 4653.466583078808 
2501.8553420960034 3908.9800941497 
6199.263407117525 3277.9947382263395 
723.0680087542455 4926.785515562047 
3943.1477943292753 3498.405977835276 
1373.0690704115225 4331.04053115046 
1497.1870806133695 4292.3274308211485 
1520.8350548900585 4266.1801297255215 
543.4441550676114 5307.1092645959725 
1184.9242198896616 4464.584176940259 
3619.745565063317 3579.401446367594 
683.5816341557771 4974.080000441997 
847.812759447943 4808.800095003706 
1587.8155183105273 4246.73053913589 
574.1544445555825 5203.5707920124405 
621.7454616418805 5058.684478034878 
582.4356875562482 5187.724354680933 
3595.0236031177924 3593.2859727166588 
860.3707530702733 4791.721020230194 
928.1804400524246 4698.513802991148 
2402.856465380721 3969.378497955859 
546.3586657522347 5280.994635576101 
615.9965671376656 5102.7249883689565 
2096.1370192895874 4041.5461835671476 
5409.055688302523 3327.9572647376003 
3985.3720099185202 3489.710925331393 
789.4809222012356 4831.863915412225 
1875.184517291966 4099.8526636044735 
2861.948536660008 3780.63134875214 
1206.7222115523473 4429.940635277105 
647.3646358323969 5006.843924636385 
4571.02091595037 3452.897648594913 
1257.7322411292091 4393.264488293707 
4045.6925449756236 3485.6684174705497 
2440.077617334225 3961.5694400909424 
4840.956998498078 3380.1520834788553 
567.2630239512239 5230.57564380945 
2616.9378017074337 3872.3212603926013 
1942.530305264123 4080.967853265589 
1293.827080504008 4376.696096983361 
3187.416071842164 3658.7692411386183 
552.6515775079972 5264.14054228245 
688.0023280638679 4947.814084903481 
5015.868203162658 3360.3066473338517 
3372.3280550807463 3624.308545264527 
4209.275190873057 3465.66903688492 
768.4906425639819 4884.34364170365 
5087.66431255021 3353.424488263469 
2031.045450826329 4053.826386915676 
3677.731739317482 3569.3537344149527 
808.2371350832652 4823.571177198449 
1195.2453099383154 4445.750286674882 
3268.1221134053503 3630.652526890174 
6021.179597502695 3313.666294427804 
1546.3118002518613 4256.272783286372 
4986.731422828253 3363.7466976694186 
3854.92426167848 3526.898661002315 
2446.5146597839407 3938.5405931518044 
1928.351463283955 4094.632946572341 
3112.128850690838 3684.2238143462096 
2653.656345921306 3857.4246560460497 
3311.7214833567755 3629.715417729154 
4176.100069339171 3474.6942702627557 
2200.133233836308 4016.47779780401 
4637.291098186173 3441.9828245176473 
2802.284895641329 3798.063892514517 
2241.37059834214 4000.4248099192487 
2897.4166618443055 3756.526162603372 
594.1556342262826 5162.984798336159 
1785.705404315245 4143.095740912266 
561.5201670069468 5243.099849289173 
2988.232328309186 3725.8595364091307 
778.1880605302359 4859.330402040277 
3479.1141922327342 3605.747064715888 
1136.5700633517345 4507.5400257196325 
4761.891076933615 3421.0439183062463 
1018.5925314781376 4594.951749564019 
2740.09296246177 3825.3256791084564 
1105.083070447713 4530.82333509846 
4799.555612654567 3403.3102371703044 
2939.0215754066276 3735.670419592242 
1414.980793039055 4314.159482966559 
1033.6445135567874 4584.283736491355 
4810.243670398792 3380.1619316111965 
1802.3639840206913 4133.017403409372 
1229.2930836832809 4411.5347401009585 
2611.057509983709 3887.2655021103647 
625.1322614259926 5058.658569460575 
1868.941680795666 4120.983728508952 
3419.5406371119047 3605.754768837751 
636.1474265681572 5027.558681050574 
2306.1373651494473 3990.856613724321 
611.4028398262425 5127.032773951483 
3895.379186407293 3513.7962817978496 
3237.3370162995147 3647.474540907918 
1645.2606607586463 4206.597381430607 
2905.4827319794103 3755.9613757061366 
3798.2694286331543 3537.919662291431 
3396.4556652156807 3614.4039053187657 
1603.6523229628456 4224.948683006868 
1445.837397348747 4293.992715793071 
1122.049979436646 4512.321808662697 
1830.297337147106 4121.050426500199 
3066.814733074357 3702.171342585219 
2071.2579921572933 4052.013379167275 
534.0456118722511 5349.878099974134 
601.1039789834987 5155.2166087114265 
3102.4914099687694 3697.091181373357 
719.7545279183045 4943.0968826823155 
3009.3700170841935 3714.163104900904 
2669.081537844097 3849.311401778486 
2494.464548966616 3923.4178447108934 
1655.2667545722604 4181.82684247801 
606.41042630262 5134.304538916924 
2773.92389307172 3817.0790100354398 
994.0851196402261 4635.867152188324 
5353.491951908842 3334.303365055696 
2458.682254900563 3926.904316966784 
3039.8766298697637 3710.3720824282773 
1384.3194273378158 4326.115839521742 
6098.776924292131 3307.206632326118 
2271.2169754348733 3991.9712618268663 
1998.5076287996599 4070.638627522482 
1153.1136509632788 4482.930253134839 
1437.9253324197375 4306.785046245225 
2354.6347018350752 3980.6983407814137 
1148.0106743395127 4482.947551332132 
4766.597449730361 3403.3276169098767 
1747.147719236674 4153.644833024853 
3753.30183294779 3546.5907388378596 
4709.4850481595 3422.703684931633 
2210.0949469143247 4011.15954779399 
3820.2082880491125 3534.301133973201 
4099.521397786325 3481.306245990502 
3554.2335990465026 3605.450271477487 
6569.17246781347 3275.1244233999414 
2703.985321573697 3841.7176545204134 
6082.71898370265 3307.211486303928 
1989.0730402967513 4070.652361190307 
1730.680939873873 4155.290760816497 
770.5256189513193 4863.77546901608 
2791.6908977847315 3810.5590456546133 
1653.5755539669665 4206.583047983666 
2708.9882759590846 3833.7997237908817 
1661.729099661942 4177.558295818104 
968.4578054744546 4635.9618385057 
1239.6205765546415 4404.2310574547055 
3718.202777195809 3562.3342706549333 
3213.236280654684 3647.4926744994827 
3743.7869934984997 3549.954622794703 
1597.7525844034976 4224.9579764248165 
1303.812969548964 4364.940208413915 
1001.0148836704741 4615.642940857067 
2846.6185613510625 3789.2527602903965 
1011.583485733766 4614.73441155237 
6030.585452791951 3313.661022690697 
926.2960687836778 4723.529765362729 
3894.8860574423134 3517.406034866304 
3144.5312761717482 3670.508276780656 
5480.048487790588 3325.3031296425593 
615.9257123648574 5102.726086257107 
2344.619566020874 3980.7108234716916 
2948.7091765845526 3732.824504738881 
3150.631771706982 3670.5039431585014 
5468.345425659045 3325.3046361963648 
4686.025308849242 3426.060664018507 
4655.1679319064615 3430.2560985951113 
637.0009754658288 5027.5542286125055 
5354.039085480094 3334.3032618152943 
925.3429007957445 4723.625847613637 
539.8394695606136 5329.767583893995 
4113.985885610387 3474.712482049934 
659.4228767891398 4988.905155628396 
1700.612424830771 4168.386702483345 
1705.1142805623233 4168.376121612701 
5111.231920318648 3348.862874970786 
